0, 106, 400, 268, 424, 451, 173, 379, 107, 215
106, 0, 494, 208, 500, 453, 261, 18, 335, 399
400, 494, 0, 154, 434, 282, 209, 90, 465, 463
268, 208, 154, 0, 140, 58, 299, 36, 466, 422
424, 500, 434, 140, 0, 217, 132, 199, 389, 347
451, 453, 282, 58, 217, 0, 257, 493, 120, 428
173, 261, 209, 299, 132, 257, 0, 399, 115, 345
379, 18, 90, 36, 199, 493, 399, 0, 476, 330
107, 335, 465, 466, 389, 120, 115, 476, 0, 267
215, 399, 463, 422, 347, 428, 345, 330, 267, 0