0, 478, 50, 423, 349, 122, 10, 187, 247, 492
478, 0, 481, 377, 205, 242, 339, 177, 491, 136
50, 481, 0, 237, 380, 224, 276, 61, 276, 384
423, 377, 237, 0, 278, 327, 187, 268, 230, 213
349, 205, 380, 278, 0, 453, 63, 459, 294, 218
122, 242, 224, 327, 453, 0, 448, 319, 247, 401
10, 339, 276, 187, 63, 448, 0, 13, 303, 470
187, 177, 61, 268, 459, 319, 13, 0, 498, 455
247, 491, 276, 230, 294, 247, 303, 498, 0, 388
492, 136, 384, 213, 218, 401, 470, 455, 388, 0