0, 284, 443, 234, 471, 128, 475, 385, 407, 433
284, 0, 38, 190, 492, 246, 92, 364, 331, 390
443, 38, 0, 449, 1, 151, 92, 259, 194, 213
234, 190, 449, 0, 173, 418, 120, 126, 418, 421
471, 492, 1, 173, 0, 181, 196, 388, 286, 227
128, 246, 151, 418, 181, 0, 229, 301, 169, 216
475, 92, 92, 120, 196, 229, 0, 47, 115, 400
385, 364, 259, 126, 388, 301, 47, 0, 127, 261
407, 331, 194, 418, 286, 169, 115, 127, 0, 79
433, 390, 213, 421, 227, 216, 400, 261, 79, 0